5 0.6000 0.05
6 0.7000 0.06
7 0.8000 0.07
8 0.9000 0.08
9 1.0000 0.09
10 1.1000 0.1
11 1.1800 0.11
12 1.2600 0.12
13 1.3200 0.13
14 1.4000 0.15
15 1.4800 0.17
16 1.5200 0.19
17 1.5400 0.21
18 1.5600 0.24
19 1.5800 0.27
20 1.6000 0.30
21 1.6200 0.30
22 1.6125 0.30
23 1.6050 0.30
24 1.5975 0.30
25 1.5900 0.30
26 1.5825 0.30
27 1.5750 0.30
28 1.5675 0.30
29 1.5600 0.30
30 1.5525 0.30
31 1.5450 0.30
32 1.5375 0.30
33 1.5300 0.30
34 1.5225 0.30
35 1.5150 0.30
36 1.5075 0.30
37 1.5000 0.30
38 1.5000 0.30
39 1.4925 0.30
40 1.4850 0.30
41 1.4775 0.30
42 1.4700 0.30
43 1.4625 0.30
44 1.4550 0.30
45 1.4500 0.30
46 1.4400 0.30
47 1.4300 0.30
48 1.4200 0.30
49 1.4100 0.30
50 1.4000 0.30
51 1.3900 0.29
52 1.3800 0.28
52 1.3700 0.27
53 1.3600 0.26
54 1.3550 0.25
55 1.3500 0.25
56 1.3350 0.24
57 1.3200 0.23
58 1.3050 0.22
59 1.2900 0.21
60 1.2750 0.20
61 1.2600 0.19
62 1.2425 0.18
63 1.2250 0.17
64 1.2075 0.16
65 1.1900 0.15
66 1.1725 0.14
67 1.1550 0.13
68 1.1375 0.12
69 1.1200 0.11
70 1.1025 0.10
71 1.0850 0.09
72 1.0675 0.08
73 1.0500 0.07
74 1.0000 0.06
75 0.9500 0.05
76 0.9000 0.04
77 0.8500 0.03
78 0.8000 0.02
79 0.7500 0.01
80 0.7000 0.01